# R script for Peak Model
#  -- generated by MACS
p <- c(0.0162613993721,0.0178350831823,0.0196710476275,0.0204578895326,0.023080695883,0.0238675377881,0.0246543796932,0.0257035022333,0.0264903441384,0.0272771860435,0.0283263085837,0.0288508698537,0.0293754311238,0.0298999923939,0.030686834299,0.0304245536639,0.0304245536639,0.0301622730289,0.030686834299,0.0296377117588,0.0288508698537,0.0283263085837,0.0278017473136,0.0270149054085,0.0262280635034,0.0257035022333,0.0254412215983,0.0251789409633,0.0238675377881,0.0249166603282,0.0246543796932,0.0259657828684,0.0270149054085,0.0275394666786,0.0280640279486,0.0278017473136,0.0275394666786,0.0293754311238,0.0296377117588,0.0298999923939,0.0296377117588,0.0298999923939,0.031211395569,0.0317359568391,0.0327850793792,0.0338342019194,0.0338342019194,0.0343587631894,0.0340964825544,0.0343587631894,0.0343587631894,0.0351456050945,0.0356701663646,0.0359324469996,0.0361947276347,0.0351456050945,0.0348833244595,0.0340964825544,0.0338342019194,0.0333096406493,0.0325227987442,0.0330473600143,0.0327850793792,0.031211395569,0.0327850793792,0.0327850793792,0.0325227987442,0.0319982374741,0.030686834299,0.031211395569,0.0296377117588,0.0293754311238,0.0296377117588,0.0301622730289,0.0301622730289,0.0301622730289,0.0298999923939,0.0296377117588,0.0288508698537,0.0280640279486,0.0291131504888,0.0298999923939,0.0283263085837,0.0285885892187,0.0285885892187,0.0288508698537,0.0301622730289,0.0304245536639,0.031211395569,0.031211395569,0.0298999923939,0.030686834299,0.031211395569,0.0319982374741,0.0319982374741,0.0317359568391,0.0322605181092,0.0322605181092,0.0322605181092,0.0314736762041,0.0319982374741,0.0325227987442,0.0327850793792,0.0325227987442,0.0351456050945,0.0354078857296,0.0351456050945,0.0354078857296,0.0364570082697,0.0361947276347,0.0369815695398,0.0364570082697,0.0356701663646,0.0359324469996,0.0359324469996,0.0367192889047,0.0367192889047,0.0359324469996,0.0364570082697,0.0369815695398,0.0369815695398,0.0377684114449,0.0396043758901,0.0403912177952,0.0401289371602,0.0409157790653,0.0417026209704,0.0419649016054,0.0430140241456,0.0424894628755,0.0406534984303,0.0414403403354,0.0411780597003,0.0403912177952,0.0406534984303,0.0403912177952,0.0398666565251,0.0409157790653,0.0422271822405,0.0424894628755,0.0414403403354,0.0406534984303,0.0422271822405,0.0419649016054,0.0424894628755,0.0414403403354,0.0427517435105,0.0419649016054,0.0398666565251,0.0393420952551,0.03907981462,0.0382929727149,0.0372438501748,0.0361947276347,0.0348833244595,0.0346210438245,0.0351456050945,0.0361947276347,0.0372438501748,0.0375061308098,0.0372438501748,0.0375061308098,0.0367192889047,0.0364570082697,0.0354078857296,0.0361947276347,0.03855525335,0.0403912177952,0.0396043758901,0.0409157790653,0.0406534984303,0.0422271822405,0.0414403403354,0.0411780597003,0.0414403403354,0.0438008660507,0.0445877079558,0.0445877079558,0.0438008660507,0.046161391766,0.0482596368462,0.0493087593864,0.0487841981163,0.0472105143061,0.0469482336711,0.0469482336711,0.046423672401,0.0479973562112,0.0479973562112,0.0479973562112,0.0487841981163,0.0479973562112,0.0469482336711,0.0456368304959,0.0451122692258,0.0458991111309,0.0456368304959,0.0445877079558,0.0443254273207,0.0440631466857,0.0453745498609,0.0435385854156,0.0430140241456,0.0443254273207,0.0445877079558,0.0430140241456,0.0419649016054,0.0419649016054,0.0432763047806,0.0424894628755,0.0414403403354,0.0422271822405,0.0427517435105,0.0411780597003,0.0419649016054,0.0422271822405,0.0417026209704,0.0414403403354,0.0417026209704,0.0419649016054,0.0419649016054,0.0406534984303,0.0414403403354,0.0427517435105,0.0438008660507,0.0453745498609,0.0443254273207,0.0443254273207,0.0458991111309,0.0448499885908,0.0453745498609,0.0451122692258,0.0438008660507,0.0435385854156,0.0435385854156,0.0448499885908,0.0451122692258,0.0448499885908,0.0445877079558,0.0456368304959,0.046161391766,0.0458991111309,0.046161391766,0.0469482336711,0.046423672401,0.046685953036,0.0469482336711,0.046161391766,0.0448499885908,0.0456368304959,0.046161391766,0.0458991111309,0.0453745498609,0.0453745498609,0.0438008660507,0.0448499885908,0.0451122692258,0.046423672401,0.0477350755762,0.0482596368462,0.0477350755762,0.0487841981163,0.0490464787513,0.0485219174813,0.0495710400214,0.0490464787513,0.0493087593864,0.0493087593864,0.0487841981163,0.0495710400214,0.0503578819265,0.0508824431966,0.0516692851017,0.0524561270068,0.0524561270068,0.0511447238316,0.0498333206564,0.0498333206564,0.0506201625615,0.0508824431966,0.0511447238316,0.0508824431966,0.0506201625615,0.0500956012915,0.0527184076418,0.0532429689119,0.0553412139921,0.0556034946272,0.0553412139921,0.0563903365323,0.0563903365323,0.0582263009775,0.0587508622476,0.0603245460578,0.0608491073279,0.0595377041527,0.0597999847877,0.0603245460578,0.061898229868,0.0639964749483,0.0645210362183,0.0660947200285,0.0668815619336,0.0674061232037,0.0692420876489,0.0692420876489,0.0713403327292,0.0718648939993,0.0734385778095,0.0739631390796,0.0713403327292,0.0721271746343,0.0716026133642,0.0716026133642,0.0731762971745,0.0726517359044,0.0726517359044,0.0726517359044,0.0721271746343,0.0718648939993,0.0718648939993,0.0744877003496,0.0747499809847,0.0739631390796,0.0718648939993,0.0718648939993,0.0742254197146,0.0734385778095,0.0744877003496,0.0742254197146,0.0731762971745,0.0742254197146,0.0734385778095,0.0742254197146,0.0747499809847,0.0752745422547,0.0752745422547,0.0752745422547,0.0737008584445,0.0729140165394,0.0734385778095,0.0747499809847,0.0771105067,0.0760613841598,0.0765859454299,0.0760613841598,0.0765859454299,0.0750122616197,0.077372787335,0.0789464711452,0.0807824355904,0.0818315581306,0.0805201549554,0.0805201549554,0.0794710324153,0.0794710324153,0.0799955936853,0.0794710324153,0.0799955936853,0.0802578743204,0.0820938387656,0.0826184000357,0.0834052419408,0.0862903289261,0.0881262933714,0.0902245384517,0.0894376965466,0.0889131352765,0.0873394514663,0.0889131352765,0.0899622578166,0.0899622578166,0.0902245384517,0.0920605028969,0.0891754159115,0.0883885740064,0.0883885740064,0.0873394514663,0.0886508546414,0.0889131352765,0.0889131352765,0.0907490997217,0.0912736609918,0.092847344802,0.0917982222619,0.0904868190867,0.0889131352765,0.0902245384517,0.0938964673421,0.0920605028969,0.0941587479772,0.0949455898823,0.0980929575027,0.0986175187727,0.0986175187727,0.0994043606778,0.100191202583,0.102027167028,0.103076289568,0.101502605758,0.103863131473,0.103863131473,0.104125412108,0.104387692743,0.104125412108,0.107272779729,0.113305234335,0.114354356875,0.11566576005,0.115403479415,0.1182885664,0.121960495291,0.122747337196,0.120911372751,0.11881312767,0.118026285765,0.115928040685,0.11514119878,0.11619032132,0.116977163225,0.1182885664,0.11776400513,0.11881312767,0.119599969575,0.123009617831,0.125632424181,0.127730669261,0.129566633707,0.130878036882,0.132189440057,0.133763123867,0.132451720692,0.128517511167,0.129828914342,0.131927159422,0.134812246407,0.137435052758,0.140582420378,0.141631542918,0.147663997524,0.149237681334,0.151860487685,0.158679784195,0.162351713086,0.163400835626,0.163663116261,0.167072764517,0.168908728962,0.169695570867,0.170482412772,0.171006974042,0.171269254677,0.170744693407,0.172842938487,0.174416622298,0.175203464203,0.175203464203,0.178613112458,0.183334163889,0.182809602619,0.184383286429,0.182809602619,0.182809602619,0.179662234998,0.181498199443,0.180711357538,0.183071883254,0.184645567064,0.179399954363,0.178613112458,0.179924515633,0.185956970239,0.189104337859,0.191989424845,0.190415741035,0.193563108655,0.19487451183,0.1953990731,0.198284160086,0.200644685801,0.203267492151,0.207463982312,0.212447314377,0.211135911202,0.211660472472,0.214545559458,0.215856962633,0.219004330253,0.222676259144,0.227397310574,0.229495555655,0.23185608137,0.232642923275,0.234741168355,0.242347306771,0.243134148676,0.244183271217,0.242871868041,0.243658709946,0.246019235662,0.251527128997,0.254412215983,0.257035022333,0.261493793129,0.263854318844,0.264903441384,