# R script for Peak Model
#  -- generated by MACS
p <- c(0.0113185317806,0.0123474892152,0.0133764466498,0.0146626434431,0.015434361519,0.0159488402364,0.0164633189537,0.016977797671,0.0177495157469,0.0182639944642,0.0187784731815,0.0195501912575,0.0203219093334,0.0208363880507,0.022122584844,0.0231515422786,0.0223798242026,0.0226370635613,0.0236660209959,0.0239232603545,0.0239232603545,0.0246949784305,0.0239232603545,0.0228943029199,0.022122584844,0.0226370635613,0.0223798242026,0.0228943029199,0.0226370635613,0.0218653454853,0.022122584844,0.0223798242026,0.0236660209959,0.0241804997132,0.0239232603545,0.0241804997132,0.0244377390718,0.0252094571478,0.0249522177891,0.0252094571478,0.0249522177891,0.0252094571478,0.0254666965064,0.0267528932997,0.0259811752237,0.0254666965064,0.0259811752237,0.0270101326583,0.027267372017,0.027267372017,0.0277818507343,0.0270101326583,0.027267372017,0.0262384145824,0.0259811752237,0.0262384145824,0.0270101326583,0.0280390900929,0.0277818507343,0.027267372017,0.0280390900929,0.0288108081689,0.0298397656035,0.0293252868862,0.0290680475275,0.0293252868862,0.0282963294516,0.027267372017,0.0280390900929,0.0277818507343,0.0275246113756,0.0277818507343,0.027267372017,0.0267528932997,0.027267372017,0.0277818507343,0.0277818507343,0.0280390900929,0.0267528932997,0.0267528932997,0.026495653941,0.026495653941,0.0254666965064,0.0241804997132,0.0239232603545,0.0241804997132,0.0236660209959,0.0234087816372,0.0226370635613,0.0228943029199,0.0231515422786,0.0231515422786,0.0241804997132,0.0244377390718,0.0252094571478,0.0249522177891,0.0252094571478,0.0262384145824,0.0257239358651,0.0244377390718,0.0241804997132,0.0236660209959,0.0241804997132,0.0244377390718,0.0244377390718,0.0246949784305,0.026495653941,0.026495653941,0.027267372017,0.0280390900929,0.0275246113756,0.0270101326583,0.0267528932997,0.0262384145824,0.0270101326583,0.0259811752237,0.0257239358651,0.0252094571478,0.0252094571478,0.0252094571478,0.0244377390718,0.0244377390718,0.0249522177891,0.0231515422786,0.0228943029199,0.0239232603545,0.0244377390718,0.0246949784305,0.0252094571478,0.0254666965064,0.0270101326583,0.027267372017,0.0262384145824,0.0277818507343,0.027267372017,0.026495653941,0.0270101326583,0.0275246113756,0.0298397656035,0.0295825262448,0.0285535688102,0.0290680475275,0.0295825262448,0.0288108081689,0.0288108081689,0.0288108081689,0.0288108081689,0.0288108081689,0.0280390900929,0.0290680475275,0.0303542443208,0.0308687230381,0.0308687230381,0.0318976804727,0.0321549198314,0.0326693985487,0.0316404411141,0.0313832017554,0.0313832017554,0.0311259623968,0.0313832017554,0.0321549198314,0.0316404411141,0.0308687230381,0.0290680475275,0.0298397656035,0.0306114836794,0.0311259623968,0.0311259623968,0.033183877266,0.0342128347006,0.0342128347006,0.0347273134179,0.0342128347006,0.0347273134179,0.0352417921352,0.0349845527765,0.0339555953419,0.0342128347006,0.0334411166246,0.0326693985487,0.0321549198314,0.0316404411141,0.0316404411141,0.033183877266,0.0318976804727,0.0308687230381,0.0306114836794,0.0313832017554,0.0326693985487,0.0321549198314,0.0321549198314,0.0313832017554,0.0313832017554,0.0318976804727,0.0311259623968,0.0295825262448,0.0298397656035,0.0290680475275,0.0298397656035,0.0308687230381,0.0295825262448,0.0295825262448,0.0303542443208,0.0293252868862,0.0293252868862,0.0293252868862,0.0295825262448,0.0300970049621,0.0306114836794,0.0288108081689,0.0285535688102,0.0295825262448,0.0308687230381,0.0306114836794,0.0303542443208,0.0313832017554,0.0318976804727,0.0321549198314,0.0321549198314,0.0321549198314,0.03241215919,0.0334411166246,0.0336983559833,0.0334411166246,0.0329266379073,0.0318976804727,0.033183877266,0.033183877266,0.0329266379073,0.0334411166246,0.0347273134179,0.0357562708525,0.0347273134179,0.0352417921352,0.0352417921352,0.0362707495698,0.0380714250803,0.0372997070044,0.0362707495698,0.0365279889284,0.0362707495698,0.0357562708525,0.0352417921352,0.0362707495698,0.0365279889284,0.0354990314938,0.0349845527765,0.0342128347006,0.0342128347006,0.0347273134179,0.0352417921352,0.0347273134179,0.0357562708525,0.0372997070044,0.0370424676457,0.0380714250803,0.0365279889284,0.0357562708525,0.0365279889284,0.0365279889284,0.0365279889284,0.0354990314938,0.0336983559833,0.0342128347006,0.0344700740592,0.0344700740592,0.0347273134179,0.0349845527765,0.0352417921352,0.0339555953419,0.0336983559833,0.0349845527765,0.0347273134179,0.0352417921352,0.0360135102111,0.0370424676457,0.0372997070044,0.037556946363,0.0354990314938,0.0329266379073,0.0329266379073,0.0326693985487,0.0334411166246,0.033183877266,0.033183877266,0.0347273134179,0.0349845527765,0.0360135102111,0.038328664439,0.0393576218736,0.0396148612322,0.0411582973841,0.0416727761014,0.042701733536,0.042701733536,0.0445024090466,0.0450168877639,0.0452741271225,0.0481037600677,0.0473320419918,0.0470748026331,0.0455313664812,0.0468175632745,0.0475892813504,0.0496471962196,0.0501616749369,0.0504189142956,0.0504189142956,0.0511906323715,0.0524768291648,0.0535057865994,0.0517051110888,0.0529913078821,0.0535057865994,0.0532485472407,0.054534744034,0.0555637014686,0.053763025958,0.0540202653167,0.0524768291648,0.0535057865994,0.053763025958,0.054534744034,0.0555637014686,0.0542775046753,0.0542775046753,0.054534744034,0.0571071376205,0.0563354195445,0.0558209408272,0.0555637014686,0.0560781801859,0.0578788556964,0.0581360950551,0.0576216163378,0.0571071376205,0.0568498982618,0.0586505737724,0.0578788556964,0.0573643769791,0.0568498982618,0.0558209408272,0.0555637014686,0.0560781801859,0.0558209408272,0.0578788556964,0.0581360950551,0.0581360950551,0.0591650524897,0.0583933344137,0.0573643769791,0.0581360950551,0.0578788556964,0.0563354195445,0.0576216163378,0.059679531207,0.0599367705656,0.0594222918483,0.0599367705656,0.0601940099243,0.0599367705656,0.0607084886416,0.0604512492829,0.0619946854349,0.0637953609454,0.06482431838,0.0661105151733,0.0679111906838,0.0689401481184,0.0704835842703,0.0715125417049,0.0720270204222,0.0730559778568,0.075113892726,0.0745994140087,0.0748566533674,0.0771718075952,0.0761428501606,0.0774290469539,0.0802586798991,0.0787152437472,0.0784580043885,0.0797442011818,0.0823165947683,0.0820593554096,0.0825738341269,0.0843745096375,0.0866896638653,0.0897765361691,0.0897765361691,0.0897765361691,0.0908054936037,0.092091690397,0.091319972321,0.0897765361691,0.0892620574518,0.0918344510383,0.0923489297556,0.0918344510383,0.0895192968105,0.0905482542451,0.0918344510383,0.0926061691143,0.0951785627008,0.0944068446249,0.0938923659076,0.0951785627008,0.0964647594941,0.0964647594941,0.0985226743633,0.100580589232,0.10289574346,0.103410222178,0.103410222178,0.105468137047,0.104439179612,0.106239855123,0.105725376405,0.105725376405,0.108555009351,0.111899121013,0.114728753958,0.115757711393,0.11627219011,0.118844583697,0.123217652794,0.124761088946,0.126819003815,0.128362439967,0.131963790988,0.136594099444,0.139423732389,0.140967168541,0.143539562127,0.144568519562,0.143539562127,0.144054040844,0.146626434431,0.147398152507,0.148427109942,0.147655391866,0.150999503528,0.152800179039,0.157430487494,0.161803556591,0.165147668254,0.164890428895,0.165404907612,0.164890428895,0.171064173503,0.172350370296,0.174665524524,0.176208960676,0.177752396828,0.178524114904,0.182125465925,0.184697859511,0.187270253098,0.191900561554,0.191900561554,0.192929518988,0.20013222103,0.200646699748,0.203733572051,0.209135598583,0.214794864473,0.216338300625,0.219167933571,0.222254805874,0.223541002668,0.223541002668,0.223541002668,0.233316098296,0.24026156098,0.245149108794,0.246178066229,0.250036656609,0.252609050195,0.256982119292,0.260068991596,0.265471018128,0.269586847866,0.270615805301,0.275246113756,0.278075746702,0.281419858364,0.287336363613,0.287079124254,0.292223911427,0.2973686986,0.298912134752,0.300455570904,0.308172751664,0.31074514525,0.312031342043,0.312803060119,0.318719565368,0.324378831259,0.322835395107,0.323607113183,0.328751900356,0.331324293942,0.334411166246,0.334411166246,