##FastQC	0.10.0
>>Basic Statistics	pass
#Measure	Value	
Filename	Sox2.fastq	
File type	Conventional base calls	
Encoding	Sanger / Illumina 1.9	
Total Sequences	23073668	
Filtered Sequences	0	
Sequence length	26	
%GC	47	
>>END_MODULE
>>Per base sequence quality	fail
#Base	Mean	Median	Lower Quartile	Upper Quartile	10th Percentile	90th Percentile
1	34.25642134575222	40.0	40.0	40.0	11.0	40.0
2	35.17279255296557	40.0	40.0	40.0	14.0	40.0
3	34.93223517821267	40.0	40.0	40.0	13.0	40.0
4	34.67391153413493	40.0	40.0	40.0	12.0	40.0
5	34.46308922361195	40.0	40.0	40.0	11.0	40.0
6	34.028615302950534	40.0	39.0	40.0	10.0	40.0
7	33.436893258583765	40.0	34.0	40.0	10.0	40.0
8	33.04676555977142	40.0	31.0	40.0	9.0	40.0
9	32.43581085590726	40.0	27.0	40.0	8.0	40.0
10	32.16122659821577	40.0	26.0	40.0	8.0	40.0
11	31.388940024620272	40.0	22.0	40.0	7.0	40.0
12	31.043698513821035	40.0	21.0	40.0	6.0	40.0
13	30.473074458729318	40.0	19.0	40.0	5.0	40.0
14	29.882131614271298	40.0	17.0	40.0	5.0	40.0
15	29.047110975160084	40.0	15.0	40.0	5.0	40.0
16	28.246881900181627	40.0	14.0	40.0	5.0	40.0
17	27.399573011105126	40.0	12.0	40.0	4.0	40.0
18	26.971194653576536	37.0	11.0	40.0	4.0	40.0
19	26.263569450682915	33.0	10.0	40.0	4.0	40.0
20	25.29609046121319	30.0	10.0	40.0	4.0	40.0
21	24.669872731114967	27.0	10.0	40.0	4.0	40.0
22	23.661663503176	24.0	9.0	40.0	4.0	40.0
23	23.296845130995212	23.0	8.0	40.0	4.0	40.0
24	22.436982537843573	21.0	8.0	40.0	3.0	40.0
25	21.42439996969706	19.0	7.0	40.0	3.0	40.0
26	21.266163359895792	18.0	6.0	40.0	3.0	40.0
>>END_MODULE
>>Per sequence quality scores	pass
#Quality	Count
0	220.0
1	75512.0
2	201010.0
3	53243.0
4	88355.0
5	86773.0
6	85259.0
7	97994.0
8	107696.0
9	118216.0
10	136958.0
11	156143.0
12	175079.0
13	201169.0
14	226816.0
15	251098.0
16	279982.0
17	302533.0
18	315323.0
19	342669.0
20	369305.0
21	407883.0
22	457413.0
23	513415.0
24	578471.0
25	650870.0
26	730802.0
27	818606.0
28	912004.0
29	1010645.0
30	1115043.0
31	1215422.0
32	1317970.0
33	1413137.0
34	1498774.0
35	1556811.0
36	1572729.0
37	1498188.0
38	1253604.0
39	658403.0
40	222125.0
>>END_MODULE
>>Per base sequence content	warn
#Base	G	A	T	C
1	22.49862581444033	23.78699493236164	31.00011801331795	22.714261239880077
2	21.96348225022036	25.5185511316435	28.386878243777158	24.13108837435899
3	21.520827221517205	25.651818040550133	28.749670687867713	24.07768405006495
4	22.854978503770223	24.493778775201548	27.48432604603821	25.166916674990013
5	21.52925810555575	25.729199656697645	28.71806291879238	24.023479318954223
6	21.926864198228504	25.918363062706106	26.690543818031937	25.464228921033456
7	21.00594534760414	25.187122284984493	28.48677743738867	25.3201549300227
8	20.946628402948438	25.378014841381212	28.099069807206874	25.576286948463476
9	20.597973483555915	24.48421387883543	28.127213752391977	26.79059888521668
10	20.496885530390845	25.186455620186933	27.756090501187593	26.560568348234632
11	20.599605115184165	24.390842210480137	27.617808547890554	27.391744126445143
12	20.190542815744177	24.32875026658505	28.58895129578192	26.89175562188885
13	19.818563510008016	24.330447838639575	29.402014325090136	26.44897432626227
14	19.37653620586647	24.160483890055175	29.924671672417613	26.53830823166074
15	19.34899985787297	23.67534757508712	29.43329191290014	27.54236065413977
16	19.30286070606965	23.332067705092634	29.09047858622589	28.27459300261183
17	19.137961219337832	23.088015023590266	28.830233600709597	28.943790156362304
18	18.868000013650054	22.961117278581288	29.77531470112755	28.39556800664111
19	18.981922759299827	23.664094217311245	29.115362924925826	28.2386200984631
20	18.800318588026766	22.65085857750437	28.974000028084845	29.574822806384017
21	18.71662256035714	23.35312249079114	28.87525905598175	29.05499589286997
22	18.368485635554794	22.614029749090953	28.851266028326624	30.166218587027625
23	18.636079960727894	22.623331503869743	29.419666914456666	29.320921620945693
24	18.34553093515666	23.095244608531527	29.16938035176546	29.389844104546352
25	17.804619785317758	22.302900730766368	29.474869871203214	30.41760961271266
26	17.657723397978074	21.409755942033932	30.58840382255245	30.344116837435543
>>END_MODULE
>>Per base GC content	pass
#Base	%GC
1	45.212887054320404
2	46.09457062457935
3	45.598511271582154
4	48.02189517876024
5	45.55273742450998
6	47.39109311926196
7	46.326100277626836
8	46.52291535141192
9	47.38857236877259
10	47.05745387862548
11	47.99134924162931
12	47.08229843763303
13	46.26753783627029
14	45.91484443752721
15	46.89136051201274
16	47.57745370868148
17	48.08175137570014
18	47.26356802029117
19	47.22054285776293
20	48.37514139441078
21	47.77161845322711
22	48.53470422258243
23	47.957001581673595
24	47.735375039703015
25	48.22222939803042
26	48.00184023541362
>>END_MODULE
>>Per sequence GC content	pass
#GC Content	Count
0	161906.0
1	161906.0
2	161463.0
3	161020.0
4	161020.0
5	161020.0
6	116142.0
7	71264.0
8	71264.0
9	71264.0
10	89633.5
11	108003.0
12	108003.0
13	145360.0
14	182717.0
15	182717.0
16	182717.0
17	246104.5
18	309492.0
19	309492.0
20	309492.0
21	412384.0
22	515276.0
23	515276.0
24	515276.0
25	673621.5
26	831967.0
27	831967.0
28	831967.0
29	1033235.5
30	1234504.0
31	1234504.0
32	1234504.0
33	1460692.5
34	1686881.0
35	1686881.0
36	1686881.0
37	1903151.0
38	2119421.0
39	2119421.0
40	2296369.5
41	2473318.0
42	2473318.0
43	2473318.0
44	2575037.0
45	2676756.0
46	2676756.0
47	2676756.0
48	2666413.5
49	2656071.0
50	2656071.0
51	2656071.0
52	2522286.0
53	2388501.0
54	2388501.0
55	2388501.0
56	2166298.5
57	1944096.0
58	1944096.0
59	1944096.0
60	1689917.5
61	1435739.0
62	1435739.0
63	1197057.0
64	958375.0
65	958375.0
66	958375.0
67	767454.5
68	576534.0
69	576534.0
70	576534.0
71	444767.5
72	313001.0
73	313001.0
74	313001.0
75	233574.5
76	154148.0
77	154148.0
78	154148.0
79	111477.0
80	68806.0
81	68806.0
82	68806.0
83	48808.5
84	28811.0
85	28811.0
86	28811.0
87	19815.5
88	10820.0
89	10820.0
90	7287.0
91	3754.0
92	3754.0
93	3754.0
94	2719.5
95	1685.0
96	1685.0
97	1685.0
98	1243.5
99	802.0
100	802.0
>>END_MODULE
>>Per base N content	pass
#Base	N-Count
1	4.333944650672793E-6
2	1.5042081735769102
3	1.4929225817065583
4	1.4580473291025944
5	1.485177822615806
6	1.5234985612170548
7	1.5621530135564055
8	1.6058348416905364
9	1.6971380536462606
10	1.7773420333516108
11	1.910138431392876
12	2.3141400838392925
13	2.978338771278151
14	3.317461272303996
15	3.4272184205822844
16	3.502026639197547
17	3.5290227804265886
18	3.478840035316448
19	3.5461418617967455
20	3.398102980419065
21	3.373083117950731
22	3.3805288348605864
23	3.353914080760805
24	3.517017753744225
25	3.3654293716976422
26	3.4878633080791492
>>END_MODULE
>>Sequence Length Distribution	pass
#Length	Count
26	2.3073668E7
>>END_MODULE
>>Sequence Duplication Levels	pass
#Total Duplicate Percentage	9.549726201009117
#Duplication Level	Relative count
1	100.0
2	2.5464370502360847
3	0.5202853109286353
4	0.31407466940204204
5	0.2416365722503926
6	0.18188836073114892
7	0.14328995859924812
8	0.12108265874253808
9	0.11473771592633521
10++	1.565614639898058
>>END_MODULE
>>Overrepresented sequences	warn
#Sequence	Count	Percentage	Possible Source
TNNNNNNNNNNNNNNNNNNNNNNNNN	69131	0.29960992764566086	No Hit
ANNNNNNNNNNNNNNNNNNNNNNNNN	67204	0.2912584163038144	No Hit
GNNNNNNNNNNNNNNNNNNNNNNNNN	55292	0.23963246762500004	No Hit
CNNNNNNNNNNNNNNNNNNNNNNNNN	51388	0.2227127477087735	No Hit
>>END_MODULE
>>Kmer Content	warn
#Sequence	Count	Obs/Exp Overall	Obs/Exp Max	Max Obs/Exp Position
AAAAA	1194565	3.0535753	3.766605	2
GTGTG	992265	3.0288208	4.1515055	2
>>END_MODULE
