##FastQC	0.10.0
>>Basic Statistics	pass
#Measure	Value	
Filename	Oct4.fastq	
File type	Conventional base calls	
Encoding	Sanger / Illumina 1.9	
Total Sequences	24021520	
Filtered Sequences	0	
Sequence length	26	
%GC	48	
>>END_MODULE
>>Per base sequence quality	fail
#Base	Mean	Median	Lower Quartile	Upper Quartile	10th Percentile	90th Percentile
1	33.237311460723554	40.0	31.0	40.0	10.0	40.0
2	33.63922249716088	40.0	36.0	40.0	10.0	40.0
3	33.40891654649664	40.0	34.0	40.0	9.0	40.0
4	32.97649957205039	40.0	31.0	40.0	9.0	40.0
5	32.689022343298845	40.0	29.0	40.0	8.0	40.0
6	32.21210106604411	40.0	26.0	40.0	7.0	40.0
7	31.60577902647293	40.0	23.0	40.0	7.0	40.0
8	31.068010808641585	40.0	21.0	40.0	6.0	40.0
9	30.444525200736674	40.0	19.0	40.0	6.0	40.0
10	30.12258171006664	40.0	18.0	40.0	5.0	40.0
11	29.28256684006674	40.0	16.0	40.0	5.0	40.0
12	28.896448059906284	40.0	15.0	40.0	5.0	40.0
13	28.260514655192512	40.0	13.0	40.0	4.0	40.0
14	27.633025262348095	40.0	12.0	40.0	4.0	40.0
15	26.719144250655244	36.0	11.0	40.0	4.0	40.0
16	25.880624789771836	32.0	10.0	40.0	4.0	40.0
17	25.0027652288448	29.0	10.0	40.0	4.0	40.0
18	24.672556690833886	28.0	9.0	40.0	4.0	40.0
19	23.904534975305477	25.0	9.0	40.0	4.0	40.0
20	23.074990217105327	23.0	8.0	40.0	3.0	40.0
21	22.415657252330412	21.0	7.0	40.0	3.0	40.0
22	21.41503843220579	19.0	7.0	40.0	3.0	40.0
23	21.0303332178813	18.0	6.0	40.0	3.0	40.0
24	20.236945080910782	16.0	6.0	40.0	3.0	40.0
25	19.267977130506313	15.0	5.0	38.0	3.0	40.0
26	19.080314734454774	14.0	5.0	39.0	3.0	40.0
>>END_MODULE
>>Per sequence quality scores	pass
#Quality	Count
0	127.0
1	46791.0
2	130246.0
3	127428.0
4	241426.0
5	239036.0
6	213675.0
7	216309.0
8	221649.0
9	231064.0
10	252245.0
11	272084.0
12	292047.0
13	317480.0
14	340800.0
15	364862.0
16	392438.0
17	415148.0
18	433139.0
19	462276.0
20	496219.0
21	533557.0
22	578545.0
23	626436.0
24	677106.0
25	733552.0
26	793136.0
27	853631.0
28	918714.0
29	983683.0
30	1052032.0
31	1120176.0
32	1188677.0
33	1259068.0
34	1321125.0
35	1363037.0
36	1361496.0
37	1265803.0
38	1016978.0
39	511583.0
40	156696.0
>>END_MODULE
>>Per base sequence content	warn
#Base	G	A	T	C
1	21.314842745789722	24.667865508421844	30.79573777162052	23.22155397416791
2	22.88376076023088	25.57183456821976	27.32893642761216	24.215468243937202
3	22.14721633260294	25.903060876002886	27.213205599470175	24.736517191923994
4	23.372068435617482	24.7229828371701	26.025461009634792	25.87948771757762
5	21.860314824024528	25.953560216255983	27.53103204810865	24.655092911610836
6	22.1217894739325	25.88938433446249	25.61215776936947	26.376668422235543
7	21.308088199437726	25.10979115351171	27.56433261936823	26.017788027682332
8	21.130280249161753	25.08450398853087	27.336545515939985	26.44867024636739
9	20.75701962814693	24.32990663883905	27.236832256530818	27.6762414764832
10	20.61439609176714	25.083418179107564	26.801214443267906	27.500971285857396
11	20.636093222086377	24.446471008268357	26.72674890445359	28.190686865191672
12	20.191388478567546	24.348252499804687	27.695129375802573	27.765229645825194
13	19.75083810760882	24.334129775882364	28.43735036839876	27.477681748110054
14	19.192096545600464	24.229355565800933	28.947599166709352	27.630948721889247
15	19.03040342584117	23.815744111846172	28.48452281189648	28.66932965041618
16	19.098566383935648	23.41807027572644	28.14315606885611	29.3402072714818
17	18.840493945406035	23.21990661558459	27.880806595060548	30.05879284394883
18	18.881281014392627	23.063973977046324	28.403408737371798	29.651336271189248
19	18.814264800569028	23.707040705431673	27.95557599856292	29.52311849543638
20	18.964643021746472	22.767442967620465	27.58326267545947	30.684651335173598
21	18.858215045925256	23.35877861943761	27.47788272215973	30.305123612477402
22	18.27196966427985	22.790391130284604	27.571080369771593	31.366558835663948
23	18.45425878268451	22.78437607502917	28.021820118082015	30.739545024204308
24	18.241098656738384	23.131541678192814	27.80620929131467	30.821150373754136
25	17.695049207531422	22.499647443275702	28.051687269278027	31.75361607991485
26	17.098333001282306	21.646667109401367	29.00997341113156	32.24502647818476
>>END_MODULE
>>Per base GC content	pass
#Base	%GC
1	44.53639671995763
2	47.09922900416808
3	46.88373352452694
4	49.25155615319511
5	46.515407735635364
6	48.49845789616804
7	47.325876227120055
8	47.57895049552914
9	48.433261104630134
10	48.11536737762453
11	48.826780087278046
12	47.95661812439274
13	47.22851985571887
14	46.82304526748971
15	47.69973307625735
16	48.43877365541744
17	48.89928678935486
18	48.53261728558188
19	48.33738329600541
20	49.649294356920066
21	49.16333865840266
22	49.6385284999438
23	49.193803806888816
24	49.062249030492524
25	49.44866528744627
26	49.34335947946707
>>END_MODULE
>>Per sequence GC content	pass
#GC Content	Count
0	101140.0
1	101140.0
2	109550.0
3	117960.0
4	117960.0
5	117960.0
6	96822.0
7	75684.0
8	75684.0
9	75684.0
10	86781.5
11	97879.0
12	97879.0
13	126741.5
14	155604.0
15	155604.0
16	155604.0
17	208184.0
18	260764.0
19	260764.0
20	260764.0
21	355083.5
22	449403.0
23	449403.0
24	449403.0
25	606602.0
26	763801.0
27	763801.0
28	763801.0
29	968948.0
30	1174095.0
31	1174095.0
32	1174095.0
33	1404879.5
34	1635664.0
35	1635664.0
36	1635664.0
37	1866544.5
38	2097425.0
39	2097425.0
40	2302197.0
41	2506969.0
42	2506969.0
43	2506969.0
44	2639927.5
45	2772886.0
46	2772886.0
47	2772886.0
48	2793602.5
49	2814319.0
50	2814319.0
51	2814319.0
52	2700580.5
53	2586842.0
54	2586842.0
55	2586842.0
56	2375834.0
57	2164826.0
58	2164826.0
59	2164826.0
60	1903298.5
61	1641771.0
62	1641771.0
63	1386309.5
64	1130848.0
65	1130848.0
66	1130848.0
67	917490.5
68	704133.0
69	704133.0
70	704133.0
71	550894.5
72	397656.0
73	397656.0
74	397656.0
75	301736.0
76	205816.0
77	205816.0
78	205816.0
79	151822.5
80	97829.0
81	97829.0
82	97829.0
83	70211.0
84	42593.0
85	42593.0
86	42593.0
87	29769.0
88	16945.0
89	16945.0
90	11403.5
91	5862.0
92	5862.0
93	5862.0
94	3957.0
95	2052.0
96	2052.0
97	2052.0
98	1403.0
99	754.0
100	754.0
>>END_MODULE
>>Per base N content	pass
#Base	N-Count
1	4.162933902600667E-6
2	0.8006903809584073
3	0.8991187901514975
4	1.0323784673076475
5	1.1341622012262338
6	1.1653217614871998
7	1.2294684099923734
8	1.3480495822079535
9	1.391506449217202
10	1.4862256843030748
11	1.6365658792615954
12	2.008120218870413
13	2.4170660307923897
14	2.48244074479883
15	2.5891492295241934
16	2.619334663251951
17	2.640632233097656
18	2.5209770239352047
19	2.435690997072625
20	2.4141852805317896
21	2.470047690570788
22	2.367760241649987
23	2.3673272965241168
24	2.37791363743843
25	2.4377100200153863
26	2.5872717463341206
>>END_MODULE
>>Sequence Length Distribution	pass
#Length	Count
26	2.402152E7
>>END_MODULE
>>Sequence Duplication Levels	pass
#Total Duplicate Percentage	14.286785098568322
#Duplication Level	Relative count
1	100.0
2	5.04755137735024
3	0.7170966331438566
4	0.4323349365981635
5	0.3104503716659379
6	0.24595540008745082
7	0.20933537385220813
8	0.16506340183646698
9	0.15686488850021862
10++	2.028858766943594
>>END_MODULE
>>Overrepresented sequences	warn
#Sequence	Count	Percentage	Possible Source
TNNNNNNNNNNNNNNNNNNNNNNNNN	35814	0.14909131478774032	No Hit
ANNNNNNNNNNNNNNNNNNNNNNNNN	34152	0.14217251864161803	No Hit
GNNNNNNNNNNNNNNNNNNNNNNNNN	28167	0.11725735923455302	No Hit
CNNNNNNNNNNNNNNNNNNNNNNNNN	24793	0.10321162024717837	No Hit
>>END_MODULE
>>Kmer Content	warn
#Sequence	Count	Obs/Exp Overall	Obs/Exp Max	Max Obs/Exp Position
GTGTG	996120	3.1366405	4.468318	2
>>END_MODULE
